"TOA5","CR1000","CR1000","83924","CR1000.Std.31","CPU:loggernet-config.CR1","32178","OneHour"
"TIMESTAMP","RECORD","WS_ms_S_WVT","WindDir_D1_WVT","WS_ms_WVc","SlrkW_Avg","AirTC_Avg","RH","Rain_mm_Tot","Visibility_m","BP_mmHg"
"TS","RN","meters/second","Deg","Deg","kW/m^2","Deg C","%","mm","meters","mmHg"
"","","WVc","WVc","WVc","Avg","Avg","Smp","Tot","Smp","Smp"
"2018-01-08 10:00:00",0,1.775,64.76,25.31,0.468,11.14,43.75,0,23480,800
"2018-01-08 11:00:00",0,1.409,50.98,41.76,0.534,12.16,41.51,0,17656,800
"2018-01-08 12:00:00",1,1.462,53.48,35.07,0.573,12.61,45.09,0,18022,800
"2018-01-08 13:00:00",2,1.128,82.5,49.99,0.566,13.78,42.14,0,18284,800
"2018-01-08 14:00:00",3,1.017,114.1,48.25,0.487,14.67,44.87,0,16694,800
"2018-01-08 15:00:00",4,1.275,147.4,49.58,0.365,14.62,45.97,0,16944,800
"2018-01-08 16:00:00",5,1.394,150.3,47.73,0.198,13.74,64.11,0,12354,800
"2018-01-08 17:00:00",6,1.127,184.8,44.73,0.044,11.42,71.99,0,11589,800
"2018-01-08 18:00:00",7,0.353,276.3,15.14,0,9.34,73.74,0,13548,800
"2018-01-08 19:00:00",8,0.349,223.4,5.061,0,8.86,74.1,0,12038,800
"2018-01-08 20:00:00",9,0.242,231.4,0.709,0,8.31,80.1,0,11342,800
"2018-01-08 21:00:00",10,0.24,315.6,5.034,0,8.23,78.37,0,8422,800
"2018-01-09 08:00:00",11,1.721,197.2,30.2,0.178,8.49,63.44,0,19001,801
"2018-01-09 09:00:00",12,0.871,225.3,39.14,0.269,11.21,37.55,0,33043,800
"2018-01-09 10:00:00",13,0.635,163.1,51.14,0.419,13.57,37.62,0,25231,800
"2018-01-09 11:00:00",14,1.462,164.9,64.73,0.529,13.68,59.3,0,14613,800
"2018-01-09 12:00:00",15,2.196,164.8,52.61,0.583,12.5,56.16,0,13967,800
"2018-01-09 13:00:00",16,1.576,208.1,61.38,0.577,14.21,52.12,0,16973,800
"2018-01-09 14:00:00",17,1.98,237,51.63,0.513,14.46,46.39,0,25685,800
"2018-01-09 15:00:00",18,1.593,232.1,65.27,0.378,14.36,67.05,0,11089,800
"2018-01-09 16:00:00",19,1.7,233.5,52.44,0.216,13.25,67.15,0,15184,800
"2018-01-09 17:00:00",20,1.569,233.1,45.74,0.051,11.19,83.3,0,9272,800
"2018-01-09 18:00:00",21,0.693,213.9,50.61,0,8.94,90.5,0,6909,800
"2018-01-09 19:00:00",22,0.429,210.8,32.12,0,8.01,93.7,0,4817,800
"2018-01-09 20:00:00",23,0.582,256.7,29.55,0,7.428,97.6,0,3393,800
"2018-01-09 21:00:00",24,0.716,232.2,26.41,0,6.813,98,0,2649,800
"2018-01-09 22:00:00",25,1.263,231.8,35.85,0,6.441,98.1,0,6144,800
"2018-01-10 10:00:00",26,1.999,355.5,35.7,0.445,8.61,78.91,0,13226,800
"2018-01-10 11:00:00",27,2.452,1.368,37.2,0.517,9.72,73.49,0,9728,800
"2018-01-10 12:00:00",28,2.484,13.97,40.72,0.574,10.72,70.39,0,9316,800
"2018-01-10 13:00:00",29,1.94,20.28,31.63,0.547,11.66,63.06,0,8371,800
"2018-01-10 14:00:00",30,1.859,25.42,37.76,0.475,12.16,63.95,0,6510,800
"2018-01-10 15:00:00",31,2.268,20.09,34.71,0.368,11.83,67.1,0,6222,800
"2018-01-10 16:00:00",32,2.344,9.48,34.17,0.174,11.15,63.7,0,8744,800
"2018-01-10 17:00:00",33,3.034,5.51,35.16,0.024,10.15,65.15,0,8713,800
"2018-01-10 18:00:00",34,2.829,6.726,28.95,0,9.58,67.36,0,8671,800
"2018-01-10 19:00:00",35,3.302,6.668,33.08,0,9.32,64.94,0,10997,800
"2018-01-10 20:00:00",36,3.415,3.29,32.43,0,9.5,65.96,0,12346,800
"2018-01-10 21:00:00",37,3.453,10.95,33.04,0,9.92,64.17,0,11420,800
"2018-01-10 22:00:00",38,3.073,8.08,29.65,0,9.83,64.22,0,10875,800
"2018-01-10 23:00:00",39,3.038,3.997,26.31,0,9.62,67.3,0,9874,800
"2018-01-11 00:00:00",40,3.383,6.999,27.71,0,9.49,62.36,0,13017,800
"2018-01-11 01:00:00",41,3.297,11.04,29.88,0,9.53,65.2,0,12338,800
"2018-01-11 02:00:00",42,2.475,22.15,27.35,0,9.4,66.16,0,12188,800
"2018-01-11 03:00:00",43,2.981,10.83,29,0,9.21,64.36,0,13049,800
"2018-01-11 04:00:00",44,2.287,3.531,25.05,0,8.46,71.29,0,10801,800
"2018-01-11 05:00:00",45,2.345,6.772,20.5,0,8.16,65.04,0,12863,800
"2018-01-11 06:00:00",46,2.228,30.74,20.2,0,8.41,63.85,0,13081,800
"2018-01-10 14:00:00",30,1.859,25.42,37.76,0.475,12.16,63.95,0,6510,800
"2018-01-10 15:00:00",31,2.268,20.09,34.71,0.368,11.83,67.1,0,6222,800
"2018-01-10 16:00:00",32,2.344,9.48,34.17,0.174,11.15,63.7,0,8744,800
"2018-01-10 17:00:00",33,3.034,5.51,35.16,0.024,10.15,65.15,0,8713,800
"2018-01-10 18:00:00",34,2.829,6.726,28.95,0,9.58,67.36,0,8671,800
"2018-01-10 19:00:00",35,3.302,6.668,33.08,0,9.32,64.94,0,10997,800
"2018-01-10 20:00:00",36,3.415,3.29,32.43,0,9.5,65.96,0,12346,800
"2018-01-10 21:00:00",37,3.453,10.95,33.04,0,9.92,64.17,0,11420,800
"2018-01-10 22:00:00",38,3.073,8.08,29.65,0,9.83,64.22,0,10875,800
"2018-01-10 23:00:00",39,3.038,3.997,26.31,0,9.62,67.3,0,9874,800
"2018-01-11 00:00:00",40,3.383,6.999,27.71,0,9.49,62.36,0,13017,800
"2018-01-11 01:00:00",41,3.297,11.04,29.88,0,9.53,65.2,0,12338,800
"2018-01-11 02:00:00",42,2.475,22.15,27.35,0,9.4,66.16,0,12188,800
"2018-01-11 03:00:00",43,2.981,10.83,29,0,9.21,64.36,0,13049,800
"2018-01-11 04:00:00",44,2.287,3.531,25.05,0,8.46,71.29,0,10801,800
"2018-01-11 05:00:00",45,2.345,6.772,20.5,0,8.16,65.04,0,12863,800
"2018-01-11 06:00:00",46,2.228,30.74,20.2,0,8.41,63.85,0,13081,800
"2018-01-11 08:00:00",47,2.258,40.95,20.49,0.167,9.42,54.89,0,12861,800
"2018-01-11 09:00:00",48,1.639,50.18,21.95,0.271,11.36,43.64,0,14169,800
"2018-01-11 10:00:00",49,1.301,89.4,41.47,0.417,14.52,32.68,0,17980,800
"2018-01-11 11:00:00",50,1.82,107.5,47.44,0.535,16.11,26.13,0,29314,800
"2018-01-11 12:00:00",51,3.641,134.4,36.48,0.596,16.3,26.78,0,29700,800
"2018-01-11 13:00:00",52,4.105,142.6,41.7,0.591,16.51,27.68,0,27142,800
"2018-01-11 14:00:00",53,4.556,139.3,34.97,0.523,16.59,24.47,0,30276,800
"2018-01-11 15:00:00",54,3.549,141.4,43.92,0.396,17.1,25.09,0,31513,800
"2018-01-11 16:00:00",55,2.559,148,39.77,0.232,17.1,24.34,0,33520,800
"2018-01-11 17:00:00",56,1.795,141.6,28.78,0.064,15.98,27.99,0,30196,800
"2018-01-11 18:00:00",57,1.121,110.5,25.43,0,14.18,27.25,0,25789,800
"2018-01-11 19:00:00",58,0.366,43.54,14.22,0,13.41,31.68,0,13437,800
"2018-01-11 20:00:00",59,0.836,100.9,16.72,0,13.23,29.01,0,24845,800
"2018-01-11 21:00:00",60,0.68,145.4,9.75,0,12.86,28.29,0,22786,800
"2018-01-11 22:00:00",61,1.033,163.4,23.67,0,12.61,26.79,0,31162,800
"2018-01-11 23:00:00",62,2.23,140.1,26.12,0,12.9,30.07,0,29786,800
"2018-01-12 00:00:00",63,2.852,146.3,27.52,0,12.32,39.49,0,25351,800
"2018-01-12 01:00:00",64,1.517,167.7,50.7,0,10.83,48.34,0,20525,800
"2018-01-12 02:00:00",65,0.681,184.4,25.91,0,9.79,54.69,0,18349,800
"2018-01-12 03:00:00",66,0.727,186.7,39.47,0,9.2,55.04,0,16640,800
"2018-01-12 04:00:00",67,0.929,174,51.72,0,9.08,59.2,0,14463,800
"2018-01-12 05:00:00",68,1.267,179.3,56.67,0,8.8,61.06,0,12585,800
"2018-01-12 06:00:00",69,1.323,179,58.39,0,8.61,63.97,0,13820,800
"2018-01-12 07:00:00",70,1.008,173.6,56.64,0.007,7.985,63.95,0,13088,800
"2018-01-12 08:00:00",71,1.61,215.2,63.21,0.097,9.2,58.13,0,13771,800
"2018-01-12 09:00:00",72,1.765,188.1,69.95,0.243,10.58,55.41,0,9564,800
"2018-01-12 10:00:00",73,1.941,177.1,70.99,0.393,11.36,58.83,0,8724,800
"2018-01-12 11:00:00",74,2.309,147.8,42.28,0.508,11.61,63.1,0,7875,800
"2018-01-12 12:00:00",75,2.255,155.3,47.12,0.577,12.52,61.69,0,11819,800
"2018-01-12 13:00:00",76,2.223,217.6,63.39,0.52,13.67,63.67,0,12517,800
"2018-01-12 14:00:00",77,2.071,226,57.88,0.302,13.33,67.82,0,11256,800
"2018-01-12 15:00:00",78,1.914,232.5,58.08,0.219,13.04,67.6,0,11953,800
"2018-01-12 16:00:00",79,1.597,227.8,49.84,0.158,12.75,70.66,0,9978,800
"2018-01-12 17:00:00",80,0.969,236.9,55.74,0.034,11.6,78.55,0,8766,800
"2018-01-12 18:00:00",81,1.225,227.9,23.75,0,10.07,84.1,0,6503,800
"2018-01-12 19:00:00",82,0.429,258,19.5,0,9.51,88,0,6151,800
"2018-01-12 20:00:00",83,0.353,305.3,13.91,0,9.1,88.5,0,5873,800
"2018-01-12 21:00:00",84,1.116,292.7,17.75,0,8.83,91,0,5863,800
"2018-01-12 22:00:00",85,1.15,289,16.69,0,8.4,90,0,5845,800
"2018-01-12 23:00:00",86,1.384,297.1,14.45,0,8.08,88,0,6350,800
"2018-01-13 00:00:00",87,1.262,338.5,21.28,0,8.03,88.6,0,7171,800
"2018-01-13 01:00:00",88,1.478,352.2,25.41,0,8.16,93,0,5049,800
"2018-01-13 02:00:00",89,1.749,1.627,20.6,0,7.93,94.3,0,5134,800
"2018-01-13 03:00:00",90,1.935,2.688,25.65,0,7.726,96.8,0,3552,800
"2018-01-13 04:00:00",91,1.997,0.386,23.08,0,7.393,97.4,0,3570,800
"2018-01-13 05:00:00",92,2.041,352.4,22.26,0,7.247,84.6,0,11422,801
"2018-01-13 06:00:00",93,2.366,359.1,27.13,0,7.005,86.6,0,8756,801
"2018-01-13 07:00:00",94,3.093,1.839,25.81,0.003,7.069,82.7,0,10066,801
"2018-01-13 08:00:00",95,3.551,6.883,29.49,0.103,7.971,80.2,0,9729,800
"2018-01-13 09:00:00",96,2.801,11.71,30.78,0.258,9.21,70.21,0,10626,800
"2018-01-13 10:00:00",97,2.546,25.46,31.09,0.406,10.78,63.81,0,11009,800
"2018-01-13 11:00:00",98,3.825,46.42,33.73,0.524,11.98,56.16,0,12360,800
"2018-01-13 12:00:00",99,3.713,36.58,32.17,0.582,12.44,59.09,0,11551,800
"2018-01-13 13:00:00",100,3.792,41.68,26.62,0.573,13.49,48.47,0,13692,800
"2018-01-13 14:00:00",101,3.654,52.29,27.08,0.502,15.12,39.36,0,14482,800
"2018-01-13 15:00:00",102,2.514,67.87,41.41,0.378,16.92,30.05,0,16232,800
"2018-01-13 16:00:00",103,2.041,44.69,31.52,0.215,16.23,41.49,0,11989,800
"2018-01-13 17:00:00",104,1.576,93.9,32.89,0.058,15.67,40.73,0,17757,800
"2018-01-13 18:00:00",105,1.986,136.1,24.7,0,14.27,43.38,0,18157,800
"2018-01-13 19:00:00",106,1.166,113.9,23.58,0,13.42,45.57,0,15836,800
"2018-01-13 20:00:00",107,0.777,51.78,16.65,0,12.07,47.67,0,9538,800
"2018-01-13 21:00:00",108,0.592,58.89,13.08,0,11.33,44.68,0,13682,800
"2018-01-13 22:00:00",109,1.209,160.9,49.84,0,11.46,51.06,0,18135,800
"2018-01-13 23:00:00",110,0.681,174.9,52.36,0,9.99,65.91,0,13979,800
"2018-01-14 00:00:00",111,0.713,180.6,54.66,0,8.84,73.85,0,12355,800
"2018-01-14 01:00:00",112,1.169,187.1,61.32,0,8.35,79.86,0,11317,800
"2018-01-14 02:00:00",113,1.813,198.8,56.74,0,7.573,93,0,4717,800
"2018-01-14 03:00:00",114,2.145,228.4,57.03,0,7.203,94.9,0,4665,800
"2018-01-14 04:00:00",115,2.256,232.4,67.59,0,7.094,94.9,0,5292,800
"2018-01-14 05:00:00",116,2.949,222.1,73.7,0,7.305,99.4,0,46,801
"2018-01-14 14:00:00",117,4.81,185.5,63.35,0.347,9.69,58.38,0,19902,800
"2018-01-15 11:00:00",118,2.27,260.1,79.99,0.601,8.73,93.6,0,12562,800
"2018-01-15 13:00:00",119,2.727,235,65.33,0.597,10.38,86.4,0,18826,800
"2018-01-15 14:00:00",120,2.354,233.9,63.03,0.291,10.21,88.2,0,20039,800
"2018-01-15 15:00:00",121,2.65,233.8,64.19,0.227,10.06,87.9,0,21825,801
"2018-01-16 11:00:00",122,1.638,138.4,52.87,0.632,10.08,74.49,0,22275,800
"2018-01-16 12:00:00",123,1.627,155.5,52.18,0.636,11.77,71.33,0,22410,800
"2018-01-16 13:00:00",124,1.627,156.1,49.95,0.598,12.02,59.83,0,28209,800
"2018-01-16 14:00:00",125,1.498,224.2,48.03,0.518,12.83,53.15,0,29039,800
"2018-01-16 15:00:00",126,1.641,192.3,62.86,0.388,13.2,56.46,0,26130,800
"2018-01-16 16:00:00",127,1.782,158.9,52.34,0.242,12.38,58.46,0,27982,800
"2018-01-16 17:00:00",128,1.106,175,59.5,0.066,11.15,71.37,0,21978,800
"2018-01-16 18:00:00",129,0.661,207.3,12.15,0.001,9.07,80.5,0,20201,800
"2018-01-16 19:00:00",130,0.217,196,4.417,0,8.22,83.7,0,18593,800
"2018-01-16 20:00:00",131,0.682,244.9,18.87,0,8.11,86.6,0,14969,800
"2018-01-16 21:00:00",132,1.403,293.7,23.26,0,7.654,91.9,0,11107,800
"2018-01-16 22:00:00",133,1.344,293.1,16.53,0,7.232,95.1,0,6800,800
"2018-01-18 10:00:00",134,4.853,152.6,39.75,0.128,7.436,91.7,0,17910,800
"2018-01-18 11:00:00",135,4.5,155,57.7,0.162,7.827,89.7,0,16999,800
"2018-01-18 12:00:00",136,5.095,148.2,47.74,0.261,8.68,85,0,19205,800
"2018-01-18 13:00:00",137,6.056,153.2,51.59,0.251,9.24,76.74,0,25744,800
"2018-01-18 14:00:00",138,6.74,153.1,51.47,0.201,9.52,69.81,0,29418,800
"2018-01-18 15:00:00",139,7.312,156.4,46.93,0.167,9.6,67.61,0,27162,800
"2018-01-18 16:00:00",140,6.769,153.4,47.56,0.231,10.17,64.79,0,24564,800
"2018-01-18 17:00:00",141,6.762,157.2,51.16,0.06,9.73,65.11,0,20610,800
"2018-01-18 18:00:00",142,6.497,163.4,56.18,0.001,9.44,65.73,0,20890,800
"2018-01-18 19:00:00",143,5.311,208.4,68.43,0,9.13,63.63,0,11351,800
"2018-01-18 20:00:00",144,7.005,162.2,60.91,0,9.22,61.23,0,13129,800
"2018-01-18 21:00:00",145,8.96,166.2,54.57,0,9.39,56.22,0,15538,800
"2018-01-18 22:00:00",146,9.89,154.2,59.98,0,9.27,61.53,0,9865,800
"2018-01-18 23:00:00",147,9.84,162,54.46,0,8.2,66.96,0.254,6577,800
"2018-01-19 00:00:00",148,10.22,158.4,55.67,0,6.969,97.1,3.302,1279,800
"2018-01-19 01:00:00",149,6.343,194,69.56,0,4.39,100,3.556,99,800
"2018-01-19 02:00:00",150,5.472,222.2,60.14,0,3.37,100,2.54,680,800
"2018-01-19 03:00:00",151,5.383,214.7,66.63,0,3.484,100,2.794,3794,800
"2018-01-19 04:00:00",152,5.59,229.7,59.02,0,2.682,96.9,0.508,23657,800
"2018-01-19 05:00:00",153,5.471,238.4,60.5,0,2.15,89.8,0.762,37821,800
"2018-01-19 06:00:00",154,5.005,223.2,65.67,0,1.827,100,0.762,1366,800
"2018-01-19 07:00:00",155,4.815,221,73.09,0.001,2.094,99.5,1.27,21004,800
"2018-01-19 08:00:00",156,4.127,223.8,59.95,0.02,2.569,100,1.27,189,800
"2018-01-19 09:00:00",157,3.777,235,54.38,0.041,2.954,99.4,0.508,5140,800
"2018-01-19 10:00:00",158,3.446,233.5,55.26,0.071,3.248,97.4,0,10707,800
"2018-01-19 11:00:00",159,4.051,216.2,57.97,0.041,2.635,100,5.08,3873,800
"2018-01-19 12:00:00",160,4.701,226,46.57,0.091,3.279,98.2,1.27,3228,800
"2018-01-19 13:00:00",161,3.959,241.2,64.97,0.163,4.312,94.9,0,6198,800
"2018-01-19 14:00:00",162,5.311,232.2,58,0.332,5.899,81.2,0.254,22595,800
"2018-01-19 15:00:00",163,5.755,230.3,66.98,0.191,6.462,81.2,0,19440,800
"2018-01-19 16:00:00",164,5.17,236.8,54.39,0.061,5.993,85.3,0,18830,800
"2018-01-19 17:00:00",165,4.103,229.3,61.45,0.028,5.708,84.7,0,18636,800
"2018-01-19 18:00:00",166,4.108,227.4,46.51,0,5.346,88.9,0,16088,800
"2018-01-19 19:00:00",167,5.02,231.9,52.5,0,5.062,90.8,0,15588,800
"2018-01-19 20:00:00",168,3.448,223,65.94,0,4.806,93.3,0,13392,800
"2018-01-19 21:00:00",169,2.716,215.1,67.82,0,4.794,92.5,0,14271,800
"2018-01-19 22:00:00",170,2.703,212,57.12,0,4.99,92.1,0,22295,800
"2018-01-19 23:00:00",171,4.893,221,36.27,0,4.885,90,0,20720,800
"2018-01-20 00:00:00",172,3.02,228.7,55.25,0,4.374,91.7,0,20590,800
"2018-01-20 01:00:00",173,2.019,237.1,58.76,0,4.226,91.4,0,20220,800
"2018-01-20 02:00:00",174,1.802,234.6,58.01,0,4.543,97,0,10225,800
"2018-01-20 03:00:00",175,3.261,232.9,58.44,0,4.678,99.4,0,5100,800
"2018-01-20 04:00:00",176,3.136,240.2,66.73,0,4.74,100,0,148,800
"2018-01-20 05:00:00",177,2.817,234.1,61.18,0,4.813,100,0,98,800
"2018-01-20 06:00:00",178,2.423,237.2,58.99,0,4.804,100,0,640,800
"2018-01-20 07:00:00",179,2.288,229.7,55.35,0.003,4.79,100,0,1059,800
"2018-01-20 08:00:00",180,2.188,230.4,56.98,0.042,4.858,100,0,3585,800
"2018-01-20 09:00:00",181,2.021,243,56.61,0.092,5.072,100,0,2962,800
"2018-01-20 10:00:00",182,1.599,224,67.94,0.163,5.548,98.7,0,10615,800
"2018-01-20 11:00:00",183,1.686,226.8,50.34,0.337,7.101,81.7,0,20485,800
"2018-01-20 12:00:00",184,1.465,235.9,54.88,0.313,8.37,77.6,0,22684,800
"2018-01-20 13:00:00",185,1.478,235.8,41.35,0.338,8.69,72.26,0,23218,800
"2018-01-20 14:00:00",186,1.089,218.1,60.34,0.379,9.91,71.32,0,21314,800
"2018-01-20 15:00:00",187,1.29,239,49.49,0.367,10.46,64.51,0,21230,800
"2018-01-20 16:00:00",188,0.853,275.3,35.32,0.261,11.46,68.93,0,20129,800
"2018-01-20 17:00:00",189,0.721,287.7,25.86,0.082,9.67,79.44,0,19568,800
"2018-01-20 18:00:00",190,0.489,201,19.87,0.001,7.003,91.1,0,14583,800
"2018-01-20 19:00:00",191,0.259,183.4,16.58,0,6.05,95.3,0,13636,800
"2018-01-20 20:00:00",192,0.263,267.7,15.14,0,5.711,97.4,0,9622,800
"2018-01-20 21:00:00",193,1.865,7.842,23,0,6.392,89,0,8941,800
"2018-01-20 22:00:00",194,2.354,13.02,21.79,0,6.47,90.1,0,12684,800
"2018-01-20 23:00:00",195,2.29,14,24.88,0,6.242,89.8,0,11750,800
"2018-01-21 00:00:00",196,2.966,6.725,21.71,0,6.284,86.8,0,15320,800
"2018-01-21 01:00:00",197,2.963,17.83,29.59,0,6.531,83.9,0,18568,800
"2018-01-21 02:00:00",198,3.285,23.44,26.12,0,6.551,84.7,0,15036,800
"2018-01-21 03:00:00",199,3.296,22.07,31.36,0,6.305,83.5,0,16972,800
"2018-01-21 04:00:00",200,3.39,21.62,32.07,0,6.266,79.82,0,21014,800
"2018-01-21 05:00:00",201,3.325,21.62,24.33,0,6.411,73.33,0,27422,800
"2018-01-21 06:00:00",202,3.714,23.24,26.54,0,6.76,63.59,0,32552,800
"2018-01-21 07:00:00",203,3.795,24.43,24.75,0.008,6.257,60.38,0,34380,800
"2018-01-21 08:00:00",204,3.989,33.75,33.12,0.099,6.928,57.35,0,27814,800
"2018-01-21 09:00:00",205,2.686,43.94,39.52,0.246,8.05,54.36,0,25077,800
"2018-01-21 10:00:00",206,4.364,33.35,33.5,0.425,8.36,54.33,0,24100,800
